   pc  mr     e        isp
 50.0 0.5  10.0 210.632614
 50.0 0.5  20.0 221.899454
 50.0 0.5  30.0 227.691305
 50.0 0.5  40.0 231.503655
 50.0 0.5  50.0 234.308629
 50.0 0.5  60.0 236.509208
 50.0 0.5  70.0 238.309482
 50.0 0.5  80.0 239.826416
 50.0 0.5  90.0 241.132979
 50.0 0.5 100.0 242.277603
 50.0 1.0  10.0 241.943628
 50.0 1.0  20.0 255.409757
 50.0 1.0  30.0 262.367485
 50.0 1.0  40.0 266.954752
 50.0 1.0  50.0 270.331579
 50.0 1.0  60.0 272.980885
 50.0 1.0  70.0 275.147880
 50.0 1.0  80.0 276.973335
 50.0 1.0  90.0 278.545162
 50.0 1.0 100.0 279.921752
 50.0 1.5  10.0 268.422653
 50.0 1.5  20.0 281.237627
 50.0 1.5  30.0 287.981194
 50.0 1.5  40.0 292.477107
 50.0 1.5  50.0 295.813570
 50.0 1.5  60.0 298.447784
 50.0 1.5  70.0 300.613512
 50.0 1.5  80.0 302.445721
 50.0 1.5  90.0 304.029109
 50.0 1.5 100.0 305.420179
 50.0 2.0  10.0 306.529012
 50.0 2.0  20.0 318.660520
 50.0 2.0  30.0 324.638324
 50.0 2.0  40.0 328.491630
 50.0 2.0  50.0 331.298517
 50.0 2.0  60.0 333.492396
 50.0 2.0  70.0 335.286148
 50.0 2.0  80.0 336.798868
 50.0 2.0  90.0 338.103707
 50.0 2.0 100.0 339.249551
 50.0 2.5  10.0 325.821514
 50.0 2.5  20.0 340.149970
 50.0 2.5  30.0 347.140566
 50.0 2.5  40.0 351.599973
 50.0 2.5  50.0 354.809235
 50.0 2.5  60.0 357.284833
 50.0 2.5  70.0 359.282858
 50.0 2.5  80.0 360.947607
 50.0 2.5  90.0 362.367833
 50.0 2.5 100.0 363.601742
 50.0 3.0  10.0 330.583269
 50.0 3.0  20.0 347.690389
 50.0 3.0  30.0 356.115351
 50.0 3.0  40.0 361.497806
 50.0 3.0  50.0 365.369577
 50.0 3.0  60.0 368.352635
 50.0 3.0  70.0 370.756587
 50.0 3.0  80.0 372.756298
 50.0 3.0  90.0 374.459477
 50.0 3.0 100.0 375.936823
 50.0 3.5  10.0 325.511085
 50.0 3.5  20.0 344.324784
 50.0 3.5  30.0 354.048673
 50.0 3.5  40.0 360.433889
 50.0 3.5  50.0 365.103795
 50.0 3.5  60.0 368.739232
 50.0 3.5  70.0 371.688493
 50.0 3.5  80.0 374.152701
 50.0 3.5  90.0 376.257893
 50.0 3.5 100.0 378.087537
 50.0 4.0  10.0 317.736876
 50.0 4.0  20.0 336.366463
 50.0 4.0  30.0 346.097749
 50.0 4.0  40.0 352.561874
 50.0 4.0  50.0 357.347545
 50.0 4.0  60.0 361.119303
 50.0 4.0  70.0 364.215945
 50.0 4.0  80.0 366.832665
 50.0 4.0  90.0 369.091760
 50.0 4.0 100.0 371.074702
 50.0 4.5  10.0 310.157014
 50.0 4.5  20.0 328.289710
 50.0 4.5  30.0 337.740136
 50.0 4.5  40.0 344.004384
 50.0 4.5  50.0 348.632457
 50.0 4.5  60.0 352.272499
 50.0 4.5  70.0 355.254856
 50.0 4.5  80.0 357.769808
 50.0 4.5  90.0 359.936549
 50.0 4.5 100.0 361.834471
 50.0 5.0  10.0 303.157878
 50.0 5.0  20.0 320.731070
 50.0 5.0  30.0 329.840688
 50.0 5.0  40.0 335.848964
 50.0 5.0  50.0 340.266649
 50.0 5.0  60.0 343.725047
 50.0 5.0  70.0 346.545769
 50.0 5.0  80.0 348.914006
 50.0 5.0  90.0 350.945742
 50.0 5.0 100.0 352.718217
100.0 0.5  10.0 212.362870
100.0 0.5  20.0 223.673820
100.0 0.5  30.0 229.479906
100.0 0.5  40.0 233.297844
100.0 0.5  50.0 236.104775
100.0 0.5  60.0 238.305491
100.0 0.5  70.0 240.104892
100.0 0.5  80.0 241.620361
100.0 0.5  90.0 242.925096
100.0 0.5 100.0 244.067666
100.0 1.0  10.0 244.074719
100.0 1.0  20.0 257.559838
100.0 1.0  30.0 264.522510
100.0 1.0  40.0 269.111453
100.0 1.0  50.0 272.488772
100.0 1.0  60.0 275.138038
100.0 1.0  70.0 277.304721
100.0 1.0  80.0 279.129712
100.0 1.0  90.0 280.700984
100.0 1.0 100.0 282.076965
100.0 1.5  10.0 269.308089
100.0 1.5  20.0 282.313435
100.0 1.5  30.0 289.140541
100.0 1.5  40.0 293.686164
100.0 1.5  50.0 297.056518
100.0 1.5  60.0 299.715720
100.0 1.5  70.0 301.900843
100.0 1.5  80.0 303.748661
100.0 1.5  90.0 305.344956
100.0 1.5 100.0 306.746925
100.0 2.0  10.0 306.596052
100.0 2.0  20.0 318.715788
100.0 2.0  30.0 324.697948
100.0 2.0  40.0 328.570478
100.0 2.0  50.0 331.405417
100.0 2.0  60.0 333.628324
100.0 2.0  70.0 335.449037
100.0 2.0  80.0 336.985997
100.0 2.0  90.0 338.312529
100.0 2.0 100.0 339.479025
100.0 2.5  10.0 326.406525
100.0 2.5  20.0 340.612615
100.0 2.5  30.0 347.548800
100.0 2.5  40.0 351.974170
100.0 2.5  50.0 355.160233
100.0 2.5  60.0 357.618440
100.0 2.5  70.0 359.602751
100.0 2.5  80.0 361.256291
100.0 2.5  90.0 362.667111
100.0 2.5 100.0 363.892962
100.0 3.0  10.0 332.194296
100.0 3.0  20.0 349.015634
100.0 3.0  30.0 357.290307
100.0 3.0  40.0 362.577444
100.0 3.0  50.0 366.381627
100.0 3.0  60.0 369.313326
100.0 3.0  70.0 371.676395
100.0 3.0  80.0 373.642464
100.0 3.0  90.0 375.317266
100.0 3.0 100.0 376.770208
100.0 3.5  10.0 327.853488
100.0 3.5  20.0 346.595473
100.0 3.5  30.0 356.231982
100.0 3.5  40.0 362.529576
100.0 3.5  50.0 367.117389
100.0 3.5  60.0 370.678772
100.0 3.5  70.0 373.562396
100.0 3.5  80.0 375.968709
100.0 3.5  90.0 378.022727
100.0 3.5 100.0 379.807244
100.0 4.0  10.0 320.117044
100.0 4.0  20.0 338.749366
100.0 4.0  30.0 348.467395
100.0 4.0  40.0 354.915896
100.0 4.0  50.0 359.685928
100.0 4.0  60.0 363.442603
100.0 4.0  70.0 366.524843
100.0 4.0  80.0 369.127839
100.0 4.0  90.0 371.373413
100.0 4.0 100.0 373.344268
100.0 4.5  10.0 312.417153
100.0 4.5  20.0 330.535101
100.0 4.5  30.0 339.958149
100.0 4.5  40.0 346.194089
100.0 4.5  50.0 350.794674
100.0 4.5  60.0 354.408346
100.0 4.5  70.0 357.365440
100.0 4.5  80.0 359.856152
100.0 4.5  90.0 361.999586
100.0 4.5 100.0 363.875054
100.0 5.0  10.0 305.255554
100.0 5.0  20.0 322.778881
100.0 5.0  30.0 331.833495
100.0 5.0  40.0 337.789726
100.0 5.0  50.0 342.158966
100.0 5.0  60.0 345.572344
100.0 5.0  70.0 348.351209
100.0 5.0  80.0 350.680501
100.0 5.0  90.0 352.675974
100.0 5.0 100.0 354.414653
150.0 0.5  10.0 213.343155
150.0 0.5  20.0 224.679384
150.0 0.5  30.0 230.493411
150.0 0.5  40.0 234.314278
150.0 0.5  50.0 237.122037
150.0 0.5  60.0 239.322538
150.0 0.5  70.0 241.121152
150.0 0.5  80.0 242.635499
150.0 0.5  90.0 243.938912
150.0 0.5 100.0 245.080038
150.0 1.0  10.0 245.321913
150.0 1.0  20.0 258.818191
150.0 1.0  30.0 265.783776
150.0 1.0  40.0 270.373690
150.0 1.0  50.0 273.751268
150.0 1.0  60.0 276.400469
150.0 1.0  70.0 278.566920
150.0 1.0  80.0 280.391586
150.0 1.0  90.0 281.962479
150.0 1.0 100.0 283.338048
150.0 1.5  10.0 269.911340
150.0 1.5  20.0 283.021244
150.0 1.5  30.0 289.893621
150.0 1.5  40.0 294.465931
150.0 1.5  50.0 297.854343
150.0 1.5  60.0 300.526775
150.0 1.5  70.0 302.722107
150.0 1.5  80.0 304.578098
150.0 1.5  90.0 306.181120
150.0 1.5 100.0 307.588744
150.0 2.0  10.0 306.626807
150.0 2.0  20.0 318.743334
150.0 2.0  30.0 324.735597
150.0 2.0  40.0 328.629595
150.0 2.0  50.0 331.486886
150.0 2.0  60.0 333.730031
150.0 2.0  70.0 335.568396
150.0 2.0  80.0 337.120712
150.0 2.0  90.0 338.460831
150.0 2.0 100.0 339.639613
150.0 2.5  10.0 326.701322
150.0 2.5  20.0 340.845880
150.0 2.5  30.0 347.754355
150.0 2.5  40.0 352.162940
150.0 2.5  50.0 355.337330
150.0 2.5  60.0 357.786786
150.0 2.5  70.0 359.764194
150.0 2.5  80.0 361.412093
150.0 2.5  90.0 362.818179
150.0 2.5 100.0 364.039975
150.0 3.0  10.0 333.057819
150.0 3.0  20.0 349.720442
150.0 3.0  30.0 357.914582
150.0 3.0  40.0 363.151043
150.0 3.0  50.0 366.919378
150.0 3.0  60.0 369.823859
150.0 3.0  70.0 372.165269
150.0 3.0  80.0 374.113517
150.0 3.0  90.0 375.773286
150.0 3.0 100.0 377.213301
150.0 3.5  10.0 329.190130
150.0 3.5  20.0 347.875583
150.0 3.5  30.0 357.449089
150.0 3.5  40.0 363.687380
150.0 3.5  50.0 368.222875
150.0 3.5  60.0 371.739261
150.0 3.5  70.0 374.584327
150.0 3.5  80.0 376.957400
150.0 3.5  90.0 378.982496
150.0 3.5 100.0 380.741592
150.0 4.0  10.0 321.489908
150.0 4.0  20.0 340.119996
150.0 4.0  30.0 349.827749
150.0 4.0  40.0 356.265161
150.0 4.0  50.0 361.024425
150.0 4.0  60.0 364.770874
150.0 4.0  70.0 367.843442
150.0 4.0  80.0 370.437280
150.0 4.0  90.0 372.674587
150.0 4.0 100.0 374.636730
150.0 4.5  10.0 313.716598
150.0 4.5  20.0 331.820424
150.0 4.5  30.0 341.223483
150.0 4.5  40.0 347.439582
150.0 4.5  50.0 352.021223
150.0 4.5  60.0 355.616909
150.0 4.5  70.0 358.556901
150.0 4.5  80.0 361.031312
150.0 4.5  90.0 363.159173
150.0 4.5 100.0 365.019733
150.0 5.0  10.0 306.453431
150.0 5.0  20.0 323.939599
150.0 5.0  30.0 332.956355
150.0 5.0  40.0 338.877758
150.0 5.0  50.0 343.215234
150.0 5.0  60.0 346.599634
150.0 5.0  70.0 349.352022
150.0 5.0  80.0 351.657081
150.0 5.0  90.0 353.630331
150.0 5.0 100.0 355.348588
200.0 0.5  10.0 214.022539
200.0 0.5  20.0 225.376460
200.0 0.5  30.0 231.195946
200.0 0.5  40.0 235.018733
200.0 0.5  50.0 237.826935
200.0 0.5  60.0 240.027146
200.0 0.5  70.0 241.825070
200.0 0.5  80.0 243.338497
200.0 0.5  90.0 244.640852
200.0 0.5 100.0 245.780838
200.0 1.0  10.0 246.205200
200.0 1.0  20.0 259.709443
200.0 1.0  30.0 266.677114
200.0 1.0  40.0 271.267715
200.0 1.0  50.0 274.645464
200.0 1.0  60.0 277.294602
200.0 1.0  70.0 279.460868
200.0 1.0  80.0 281.285281
200.0 1.0  90.0 282.855882
200.0 1.0 100.0 284.231135
200.0 1.5  10.0 270.382029
200.0 1.5  20.0 283.562310
200.0 1.5  30.0 290.464845
200.0 1.5  40.0 295.054801
200.0 1.5  50.0 298.455079
200.0 1.5  60.0 301.136157
200.0 1.5  70.0 303.338128
200.0 1.5  80.0 305.199411
200.0 1.5  90.0 306.806770
200.0 1.5 100.0 308.218025
200.0 2.0  10.0 306.645557
200.0 2.0  20.0 318.762355
200.0 2.0  30.0 324.767695
200.0 2.0  40.0 328.680660
200.0 2.0  50.0 331.555856
200.0 2.0  60.0 333.814416
200.0 2.0  70.0 335.665913
200.0 2.0  80.0 337.229504
200.0 2.0  90.0 338.579501
200.0 2.0 100.0 339.767006
200.0 2.5  10.0 326.890478
200.0 2.5  20.0 340.995604
200.0 2.5  30.0 347.886322
200.0 2.5  40.0 352.284140
200.0 2.5  50.0 355.451047
200.0 2.5  60.0 357.894892
200.0 2.5  70.0 359.867876
200.0 2.5  80.0 361.512158
200.0 2.5  90.0 362.915210
200.0 2.5 100.0 364.134408
200.0 3.0  10.0 333.634712
200.0 3.0  20.0 350.189576
200.0 3.0  30.0 358.329965
200.0 3.0  40.0 363.532717
200.0 3.0  50.0 367.277230
200.0 3.0  60.0 370.163630
200.0 3.0  70.0 372.490653
200.0 3.0  80.0 374.427063
200.0 3.0  90.0 376.076846
200.0 3.0 100.0 377.508273
200.0 3.5  10.0 330.120919
200.0 3.5  20.0 348.758943
200.0 3.5  30.0 358.282520
200.0 3.5  40.0 364.475983
200.0 3.5  50.0 368.973401
200.0 3.5  60.0 372.457862
200.0 3.5  70.0 375.276011
200.0 3.5  80.0 377.626118
200.0 3.5  90.0 379.631363
200.0 3.5 100.0 381.373091
200.0 4.0  10.0 322.453891
200.0 4.0  20.0 341.080612
200.0 4.0  30.0 350.779902
200.0 4.0  40.0 357.208540
200.0 4.0  50.0 361.959411
200.0 4.0  60.0 365.697951
200.0 4.0  70.0 368.763078
200.0 4.0  80.0 371.349893
200.0 4.0  90.0 373.580550
200.0 4.0 100.0 375.536373
200.0 4.5  10.0 314.626894
200.0 4.5  20.0 332.718070
200.0 4.5  30.0 342.105041
200.0 4.5  40.0 348.305494
200.0 4.5  50.0 352.872341
200.0 4.5  60.0 356.454069
200.0 4.5  70.0 359.380862
200.0 4.5  80.0 361.842758
200.0 4.5  90.0 363.958722
200.0 4.5 100.0 365.807952
200.0 5.0  10.0 307.288506
200.0 5.0  20.0 324.744554
200.0 5.0  30.0 333.731876
200.0 5.0  40.0 339.626686
200.0 5.0  50.0 343.940255
200.0 5.0  60.0 347.303128
200.0 5.0  70.0 350.036081
200.0 5.0  80.0 352.323543
200.0 5.0  90.0 354.280810
200.0 5.0 100.0 355.984499
250.0 0.5  10.0 214.539561
250.0 0.5  20.0 225.907063
250.0 0.5  30.0 231.730682
250.0 0.5  40.0 235.554866
250.0 0.5  50.0 238.363327
250.0 0.5  60.0 240.563233
250.0 0.5  70.0 242.360545
250.0 0.5  80.0 243.873184
250.0 0.5  90.0 245.174648
250.0 0.5 100.0 246.313682
250.0 1.0  10.0 246.888619
250.0 1.0  20.0 260.399087
250.0 1.0  30.0 267.368391
250.0 1.0  40.0 271.959528
250.0 1.0  50.0 275.337407
250.0 1.0  60.0 277.986488
250.0 1.0  70.0 280.152601
250.0 1.0  80.0 281.976807
250.0 1.0  90.0 283.547169
250.0 1.0 100.0 284.922165
250.0 1.5  10.0 270.773493
250.0 1.5  20.0 284.005843
250.0 1.5  30.0 290.930492
250.0 1.5  40.0 295.533301
250.0 1.5  50.0 298.942173
250.0 1.5  60.0 301.629481
250.0 1.5  70.0 303.836215
250.0 1.5  80.0 305.701277
250.0 1.5  90.0 307.311719
250.0 1.5 100.0 308.725547
250.0 2.0  10.0 306.658613
250.0 2.0  20.0 318.777723
250.0 2.0  30.0 324.796890
250.0 2.0  40.0 328.726654
250.0 2.0  50.0 331.616688
250.0 2.0  60.0 333.887689
250.0 2.0  70.0 335.749649
250.0 2.0  80.0 337.322160
250.0 2.0  90.0 338.679900
250.0 2.0 100.0 339.874165
250.0 2.5  10.0 327.026272
250.0 2.5  20.0 341.103114
250.0 2.5  30.0 347.981095
250.0 2.5  40.0 352.371186
250.0 2.5  50.0 355.532725
250.0 2.5  60.0 357.972544
250.0 2.5  70.0 359.942353
250.0 2.5  80.0 361.584042
250.0 2.5  90.0 362.984919
250.0 2.5 100.0 364.202256
250.0 3.0  10.0 334.061699
250.0 3.0  20.0 350.536040
250.0 3.0  30.0 358.636680
250.0 3.0  40.0 363.814554
250.0 3.0  50.0 367.541494
250.0 3.0  60.0 370.414559
250.0 3.0  70.0 372.730970
250.0 3.0  80.0 374.658650
250.0 3.0  90.0 376.301068
250.0 3.0 100.0 377.726162
250.0 3.5  10.0 330.831811
250.0 3.5  20.0 349.428620
250.0 3.5  30.0 358.910702
250.0 3.5  40.0 365.068246
250.0 3.5  50.0 369.535344
250.0 3.5  60.0 372.995867
250.0 3.5  70.0 375.793528
250.0 3.5  80.0 378.126259
250.0 3.5  90.0 380.116542
250.0 3.5 100.0 381.845212
250.0 4.0  10.0 323.195317
250.0 4.0  20.0 341.818384
250.0 4.0  30.0 351.510426
250.0 4.0  40.0 357.931728
250.0 4.0  50.0 362.675648
250.0 4.0  60.0 366.407673
250.0 4.0  70.0 369.466690
250.0 4.0  80.0 372.047754
250.0 4.0  90.0 374.272974
250.0 4.0 100.0 376.223637
250.0 4.5  10.0 315.325696
250.0 4.5  20.0 333.405491
250.0 4.5  30.0 342.778848
250.0 4.5  40.0 348.966237
250.0 4.5  50.0 353.520816
250.0 4.5  60.0 357.091027
250.0 4.5  70.0 360.006978
250.0 4.5  80.0 362.458638
250.0 4.5  90.0 364.564914
250.0 4.5 100.0 366.404960
250.0 5.0  10.0 307.927071
250.0 5.0  20.0 325.357560
250.0 5.0  30.0 334.320597
250.0 5.0  40.0 340.193767
250.0 5.0  50.0 344.488102
250.0 5.0  60.0 347.833829
250.0 5.0  70.0 350.551441
250.0 5.0  80.0 352.825121
250.0 5.0  90.0 354.769955
250.0 5.0 100.0 356.462377
300.0 0.5  10.0 214.955191
300.0 0.5  20.0 226.333696
300.0 0.5  30.0 232.160623
300.0 0.5  40.0 235.985890
300.0 0.5  50.0 238.794505
300.0 0.5  60.0 240.994108
300.0 0.5  70.0 242.790869
300.0 0.5  80.0 244.302816
300.0 0.5  90.0 245.603505
300.0 0.5 100.0 246.741714
300.0 1.0  10.0 247.445489
300.0 1.0  20.0 260.961084
300.0 1.0  30.0 267.931737
300.0 1.0  40.0 272.523318
300.0 1.0  50.0 275.901302
300.0 1.0  60.0 278.550333
300.0 1.0  70.0 280.716316
300.0 1.0  80.0 282.540346
300.0 1.0  90.0 284.110507
300.0 1.0 100.0 285.485286
300.0 1.5  10.0 271.111538
300.0 1.5  20.0 284.384607
300.0 1.5  30.0 291.326409
300.0 1.5  40.0 295.939124
300.0 1.5  50.0 299.354583
300.0 1.5  60.0 302.046643
300.0 1.5  70.0 304.256992
300.0 1.5  80.0 306.124911
300.0 1.5  90.0 307.737675
300.0 1.5 100.0 309.153431
300.0 2.0  10.0 306.668457
300.0 2.0  20.0 318.791263
300.0 2.0  30.0 324.824242
300.0 2.0  40.0 328.768922
300.0 2.0  50.0 331.671599
300.0 2.0  60.0 333.953030
300.0 2.0  70.0 335.823691
300.0 2.0  80.0 337.403582
300.0 2.0  90.0 338.767685
300.0 2.0 100.0 339.967463
300.0 2.5  10.0 327.130400
300.0 2.5  20.0 341.185569
300.0 2.5  30.0 348.053789
300.0 2.5  40.0 352.437955
300.0 2.5  50.0 355.595380
300.0 2.5  60.0 358.032114
300.0 2.5  70.0 359.999491
300.0 2.5  80.0 361.639194
300.0 2.5  90.0 363.038406
300.0 2.5 100.0 364.254320
300.0 3.0  10.0 334.397318
300.0 3.0  20.0 350.807962
300.0 3.0  30.0 358.877381
300.0 3.0  40.0 364.035741
300.0 3.0  50.0 367.748902
300.0 3.0  60.0 370.611510
300.0 3.0  70.0 372.919602
300.0 3.0  80.0 374.840436
300.0 3.0  90.0 376.477080
300.0 3.0 100.0 377.897207
300.0 3.5  10.0 331.404928
300.0 3.5  20.0 349.965110
300.0 3.5  30.0 359.411665
300.0 3.5  40.0 365.539343
300.0 3.5  50.0 369.982774
300.0 3.5  60.0 373.422903
300.0 3.5  70.0 376.204133
300.0 3.5  80.0 378.522979
300.0 3.5  90.0 380.501337
300.0 3.5 100.0 382.219617
300.0 4.0  10.0 323.796753
300.0 4.0  20.0 342.416150
300.0 4.0  30.0 352.101817
300.0 4.0  40.0 358.516777
300.0 4.0  50.0 363.254728
300.0 4.0  60.0 366.981181
300.0 4.0  70.0 370.034984
300.0 4.0  80.0 372.611150
300.0 4.0  90.0 374.831746
300.0 4.0 100.0 376.778025
300.0 4.5  10.0 315.891632
300.0 4.5  20.0 333.961079
300.0 4.5  30.0 343.322556
300.0 4.5  40.0 349.498657
300.0 4.5  50.0 354.042693
300.0 4.5  60.0 357.603049
300.0 4.5  70.0 360.509758
300.0 4.5  80.0 362.952725
300.0 4.5  90.0 365.050807
300.0 4.5 100.0 366.883112
300.0 5.0  10.0 308.442522
300.0 5.0  20.0 325.850690
300.0 5.0  30.0 334.792962
300.0 5.0  40.0 340.647837
300.0 5.0  50.0 344.926063
300.0 5.0  60.0 348.257545
300.0 5.0  70.0 350.962503
300.0 5.0  80.0 353.224885
300.0 5.0  90.0 355.159578
300.0 5.0 100.0 356.842849
350.0 0.5  10.0 215.301622
350.0 0.5  20.0 226.689363
350.0 0.5  30.0 232.519041
350.0 0.5  40.0 236.345181
350.0 0.5  50.0 239.153887
350.0 0.5  60.0 241.353195
350.0 0.5  70.0 243.149454
350.0 0.5  80.0 244.660781
350.0 0.5  90.0 245.960780
350.0 0.5 100.0 247.098260
350.0 1.0  10.0 247.915001
350.0 1.0  20.0 261.434966
350.0 1.0  30.0 268.406775
350.0 1.0  40.0 272.998735
350.0 1.0  50.0 276.376809
350.0 1.0  60.0 279.025797
350.0 1.0  70.0 281.191667
350.0 1.0  80.0 283.015546
350.0 1.0  90.0 284.585533
350.0 1.0 100.0 285.960124
350.0 1.5  10.0 271.410802
350.0 1.5  20.0 284.716900
350.0 1.5  30.0 291.672505
350.0 1.5  40.0 296.293143
350.0 1.5  50.0 299.713843
350.0 1.5  60.0 302.409665
350.0 1.5  70.0 304.622863
350.0 1.5  80.0 306.493023
350.0 1.5  90.0 308.107601
350.0 1.5 100.0 309.524857
350.0 2.0  10.0 306.676287
350.0 2.0  20.0 318.803792
350.0 2.0  30.0 324.850214
350.0 2.0  40.0 328.808246
350.0 2.0  50.0 331.721933
350.0 2.0  60.0 334.012343
350.0 2.0  70.0 335.890451
350.0 2.0  80.0 337.476638
350.0 2.0  90.0 338.846139
350.0 2.0 100.0 340.050567
350.0 2.5  10.0 327.213807
350.0 2.5  20.0 341.251625
350.0 2.5  30.0 348.112030
350.0 2.5  40.0 352.491452
350.0 2.5  50.0 355.645582
350.0 2.5  60.0 358.079847
350.0 2.5  70.0 360.045277
350.0 2.5  80.0 361.683391
350.0 2.5  90.0 363.081273
350.0 2.5 100.0 364.296051
350.0 3.0  10.0 334.671815
350.0 3.0  20.0 351.030121
350.0 3.0  30.0 359.074023
350.0 3.0  40.0 364.216447
350.0 3.0  50.0 367.918359
350.0 3.0  60.0 370.772431
350.0 3.0  70.0 373.073731
350.0 3.0  80.0 374.988977
350.0 3.0  90.0 376.620906
350.0 3.0 100.0 378.036978
350.0 3.5  10.0 331.883760
350.0 3.5  20.0 350.410880
350.0 3.5  30.0 359.826382
350.0 3.5  40.0 365.928568
350.0 3.5  50.0 370.351588
350.0 3.5  60.0 373.775188
350.0 3.5  70.0 376.542764
350.0 3.5  80.0 378.850105
350.0 3.5  90.0 380.818598
350.0 3.5 100.0 382.528293
350.0 4.0  10.0 324.302052
350.0 4.0  20.0 342.917860
350.0 4.0  30.0 352.597817
350.0 4.0  40.0 359.007168
350.0 4.0  50.0 363.739867
350.0 4.0  60.0 367.461432
350.0 4.0  70.0 370.511001
350.0 4.0  80.0 373.082554
350.0 4.0  90.0 375.299113
350.0 4.0 100.0 377.241568
350.0 4.5  10.0 316.366421
350.0 4.5  20.0 334.426366
350.0 4.5  30.0 343.777258
350.0 4.5  40.0 349.943379
350.0 4.5  50.0 354.478136
350.0 4.5  60.0 358.029850
350.0 4.5  70.0 360.928484
350.0 4.5  80.0 363.363882
350.0 4.5  90.0 365.454852
350.0 4.5 100.0 367.280463
350.0 5.0  10.0 308.873717
350.0 5.0  20.0 326.261997
350.0 5.0  30.0 335.186084
350.0 5.0  40.0 341.025090
350.0 5.0  50.0 345.289451
350.0 5.0  60.0 348.608760
350.0 5.0  70.0 351.302966
350.0 5.0  80.0 353.555795
350.0 5.0  90.0 355.481947
350.0 5.0 100.0 357.157536
400.0 0.5  10.0 215.597902
400.0 0.5  20.0 226.993594
400.0 0.5  30.0 232.825620
400.0 0.5  40.0 236.652483
400.0 0.5  50.0 239.461237
400.0 0.5  60.0 241.660263
400.0 0.5  70.0 243.456060
400.0 0.5  80.0 244.966822
400.0 0.5  90.0 246.266198
400.0 0.5 100.0 247.403022
400.0 1.0  10.0 248.320575
400.0 1.0  20.0 261.844358
400.0 1.0  30.0 268.817180
400.0 1.0  40.0 273.409476
400.0 1.0  50.0 276.787630
400.0 1.0  60.0 279.436580
400.0 1.0  70.0 281.602352
400.0 1.0  80.0 283.426097
400.0 1.0  90.0 284.995931
400.0 1.0 100.0 286.370357
400.0 1.5  10.0 271.680460
400.0 1.5  20.0 285.014050
400.0 1.5  30.0 291.981059
400.0 1.5  40.0 296.608203
400.0 1.5  50.0 300.033182
400.0 1.5  60.0 302.732061
400.0 1.5  70.0 304.947562
400.0 1.5  80.0 306.819526
400.0 1.5  90.0 308.435556
400.0 1.5 100.0 309.854009
400.0 2.0  10.0 306.682766
400.0 2.0  20.0 318.815716
400.0 2.0  30.0 324.875060
400.0 2.0  40.0 328.845150
400.0 2.0  50.0 331.768583
400.0 2.0  60.0 334.066876
400.0 2.0  70.0 335.951494
400.0 2.0  80.0 337.543170
400.0 2.0  90.0 338.917357
400.0 2.0 100.0 340.125803
400.0 2.5  10.0 327.282727
400.0 2.5  20.0 341.306214
400.0 2.5  30.0 348.160165
400.0 2.5  40.0 352.535666
400.0 2.5  50.0 355.687075
400.0 2.5  60.0 358.119301
400.0 2.5  70.0 360.083124
400.0 2.5  80.0 361.719928
400.0 2.5  90.0 363.116712
400.0 2.5 100.0 364.330556
400.0 3.0  10.0 334.902764
400.0 3.0  20.0 351.216882
400.0 3.0  30.0 359.239326
400.0 3.0  40.0 364.368360
400.0 3.0  50.0 368.060820
400.0 3.0  60.0 370.907720
400.0 3.0  70.0 373.203314
400.0 3.0  80.0 375.113866
400.0 3.0  90.0 376.741834
400.0 3.0 100.0 378.154500
400.0 3.5  10.0 332.294099
400.0 3.5  20.0 350.791026
400.0 3.5  30.0 360.178964
400.0 3.5  40.0 366.258408
400.0 3.5  50.0 370.664422
400.0 3.5  60.0 374.073885
400.0 3.5  70.0 376.829822
400.0 3.5  80.0 379.127377
400.0 3.5  90.0 381.087490
400.0 3.5 100.0 382.789897
400.0 4.0  10.0 324.737289
400.0 4.0  20.0 343.349624
400.0 4.0  30.0 353.024397
400.0 4.0  40.0 359.428704
400.0 4.0  50.0 364.156701
400.0 4.0  60.0 367.873900
400.0 4.0  70.0 370.919069
400.0 4.0  80.0 373.487139
400.0 4.0  90.0 375.700105
400.0 4.0 100.0 377.639162
400.0 4.5  10.0 316.774849
400.0 4.5  20.0 334.825994
400.0 4.5  30.0 344.167310
400.0 4.5  40.0 350.324461
400.0 4.5  50.0 354.850910
400.0 4.5  60.0 358.394913
400.0 4.5  70.0 361.286365
400.0 4.5  80.0 363.715051
400.0 4.5  90.0 365.799735
400.0 4.5 100.0 367.619448
400.0 5.0  10.0 309.243693
400.0 5.0  20.0 326.613996
400.0 5.0  30.0 335.521876
400.0 5.0  40.0 341.346859
400.0 5.0  50.0 345.599054
400.0 5.0  60.0 348.907742
400.0 5.0  70.0 351.592614
400.0 5.0  80.0 353.837182
400.0 5.0  90.0 355.755972
400.0 5.0 100.0 357.424959
450.0 0.5  10.0 215.856220
450.0 0.5  20.0 227.258886
450.0 0.5  30.0 233.092955
450.0 0.5  40.0 236.920431
450.0 0.5  50.0 239.729206
450.0 0.5  60.0 241.927959
450.0 0.5  70.0 243.723327
450.0 0.5  80.0 245.233571
450.0 0.5  90.0 246.532378
450.0 0.5 100.0 247.668603
450.0 1.0  10.0 248.677333
450.0 1.0  20.0 262.204514
450.0 1.0  30.0 269.178241
450.0 1.0  40.0 273.770838
450.0 1.0  50.0 277.149065
450.0 1.0  60.0 279.797983
450.0 1.0  70.0 281.963667
450.0 1.0  80.0 283.787294
450.0 1.0  90.0 285.356991
450.0 1.0 100.0 286.731270
450.0 1.5  10.0 271.926670
450.0 1.5  20.0 285.283591
450.0 1.5  30.0 292.260205
450.0 1.5  40.0 296.892795
450.0 1.5  50.0 300.321338
450.0 1.5  60.0 303.022748
450.0 1.5  70.0 305.240148
450.0 1.5  80.0 307.113590
450.0 1.5  90.0 308.730807
450.0 1.5 100.0 310.150232
450.0 2.0  10.0 306.688293
450.0 2.0  20.0 318.827252
450.0 2.0  30.0 324.898938
450.0 2.0  40.0 328.880009
450.0 2.0  50.0 331.812183
450.0 2.0  60.0 334.117502
450.0 2.0  70.0 336.007901
450.0 2.0  80.0 337.604443
450.0 2.0  90.0 338.982769
450.0 2.0 100.0 340.194750
450.0 2.5  10.0 327.341019
450.0 2.5  20.0 341.352390
450.0 2.5  30.0 348.200884
450.0 2.5  40.0 352.573069
450.0 2.5  50.0 355.722178
450.0 2.5  60.0 358.152680
450.0 2.5  70.0 360.115146
450.0 2.5  80.0 361.750842
450.0 2.5  90.0 363.146703
450.0 2.5 100.0 364.359761
450.0 3.0  10.0 335.101236
450.0 3.0  20.0 351.377276
450.0 3.0  30.0 359.381289
450.0 3.0  40.0 364.498827
450.0 3.0  50.0 368.183174
450.0 3.0  60.0 371.023919
450.0 3.0  70.0 373.314615
450.0 3.0  80.0 375.221136
450.0 3.0  90.0 376.845705
450.0 3.0 100.0 378.255446
450.0 3.5  10.0 332.652483
450.0 3.5  20.0 351.121592
450.0 3.5  30.0 360.484766
450.0 3.5  40.0 366.545804
450.0 3.5  50.0 370.935248
450.0 3.5  60.0 374.332394
450.0 3.5  70.0 377.078218
450.0 3.5  80.0 379.367283
450.0 3.5  90.0 381.320131
450.0 3.5 100.0 383.016227
450.0 4.0  10.0 325.119225
450.0 4.0  20.0 343.728215
450.0 4.0  30.0 353.398229
450.0 4.0  40.0 359.797944
450.0 4.0  50.0 364.521676
450.0 4.0  60.0 368.234922
450.0 4.0  70.0 371.276412
450.0 4.0  80.0 373.841038
450.0 4.0  90.0 376.050763
450.0 4.0 100.0 377.986754
450.0 4.5  10.0 317.132833
450.0 4.5  20.0 335.175772
450.0 4.5  30.0 344.508324
450.0 4.5  40.0 350.657311
450.0 4.5  50.0 355.176227
450.0 4.5  60.0 358.713260
450.0 4.5  70.0 361.598237
450.0 4.5  80.0 364.020890
450.0 4.5  90.0 366.099940
450.0 4.5 100.0 367.914380
450.0 5.0  10.0 309.567224
450.0 5.0  20.0 326.921093
450.0 5.0  30.0 335.814339
450.0 5.0  40.0 341.626754
450.0 5.0  50.0 345.868112
450.0 5.0  60.0 349.167388
450.0 5.0  70.0 351.844023
450.0 5.0  80.0 354.081326
450.0 5.0  90.0 355.993659
450.0 5.0 100.0 357.656866
500.0 0.5  10.0 216.084838
500.0 0.5  20.0 227.493711
500.0 0.5  30.0 233.329585
500.0 0.5  40.0 237.157591
500.0 0.5  50.0 239.966364
500.0 0.5  60.0 242.164856
500.0 0.5  70.0 243.959823
500.0 0.5  80.0 245.469587
500.0 0.5  90.0 246.767869
500.0 0.5 100.0 247.903544
500.0 1.0  10.0 248.995605
500.0 1.0  20.0 262.525850
500.0 1.0  30.0 269.500399
500.0 1.0  40.0 274.093269
500.0 1.0  50.0 277.471564
500.0 1.0  60.0 280.120454
500.0 1.0  70.0 282.286059
500.0 1.0  80.0 284.109580
500.0 1.0  90.0 285.679154
500.0 1.0 100.0 287.053300
500.0 1.5  10.0 272.153780
500.0 1.5  20.0 285.530800
500.0 1.5  30.0 292.515627
500.0 1.5  40.0 297.152845
500.0 1.5  50.0 300.584398
500.0 1.5  60.0 303.287935
500.0 1.5  70.0 305.506923
500.0 1.5  80.0 307.381595
500.0 1.5  90.0 308.999792
500.0 1.5 100.0 310.420017
500.0 2.0  10.0 306.693125
500.0 2.0  20.0 318.838519
500.0 2.0  30.0 324.921962
500.0 2.0  40.0 328.913106
500.0 2.0  50.0 331.853204
500.0 2.0  60.0 334.164859
500.0 2.0  70.0 336.060459
500.0 2.0  80.0 337.661369
500.0 2.0  90.0 339.043403
500.0 2.0 100.0 340.258538
500.0 2.5  10.0 327.391226
500.0 2.5  20.0 341.392164
500.0 2.5  30.0 348.235960
500.0 2.5  40.0 352.605290
500.0 2.5  50.0 355.752418
500.0 2.5  60.0 358.181436
500.0 2.5  70.0 360.142734
500.0 2.5  80.0 361.777480
500.0 2.5  90.0 363.172548
500.0 2.5 100.0 364.384933
500.0 3.0  10.0 335.274634
500.0 3.0  20.0 351.517331
500.0 3.0  30.0 359.505249
500.0 3.0  40.0 364.612753
500.0 3.0  50.0 368.290019
500.0 3.0  60.0 371.125391
500.0 3.0  70.0 373.411812
500.0 3.0  80.0 375.314816
500.0 3.0  90.0 376.936417
500.0 3.0 100.0 378.343607
500.0 3.5  10.0 332.970146
500.0 3.5  20.0 351.413438
500.0 3.5  30.0 360.754149
500.0 3.5  40.0 366.797028
500.0 3.5  50.0 371.173459
500.0 3.5  60.0 374.559716
500.0 3.5  70.0 377.296619
500.0 3.5  80.0 379.578203
500.0 3.5  90.0 381.524657
500.0 3.5 100.0 383.215199
500.0 4.0  10.0 325.459269
500.0 4.0  20.0 344.065040
500.0 4.0  30.0 353.730649
500.0 4.0  40.0 360.126143
500.0 4.0  50.0 364.845966
500.0 4.0  60.0 368.555595
500.0 4.0  70.0 371.593722
500.0 4.0  80.0 374.155203
500.0 4.0  90.0 376.361972
500.0 4.0 100.0 378.295169
500.0 4.5  10.0 317.451202
500.0 4.5  20.0 335.486442
500.0 4.5  30.0 344.810902
500.0 4.5  40.0 350.952387
500.0 4.5  50.0 355.464401
500.0 4.5  60.0 358.995066
500.0 4.5  70.0 361.874145
500.0 4.5  80.0 364.291318
500.0 4.5  90.0 366.365261
500.0 4.5 100.0 368.174934
500.0 5.0  10.0 309.854341
500.0 5.0  20.0 327.193053
500.0 5.0  30.0 336.072950
500.0 5.0  40.0 341.873976
500.0 5.0  50.0 346.105567
500.0 5.0  60.0 349.396399
500.0 5.0  70.0 352.065670
500.0 5.0  80.0 354.296497
500.0 5.0  90.0 356.203089
500.0 5.0 100.0 357.861165