   pc   mr     e        isp
 50.0  1.0  10.0 227.943628
 50.0  1.0  20.0 244.409757
 50.0  1.0  30.0 256.367485
 50.0  1.0  40.0 278.954752
 50.0  1.0  50.0 256.331579
 50.0  1.0  60.0 281.980885
 50.0  1.0  70.0 262.147880
 50.0  1.0  80.0 261.973335
 50.0  1.0  90.0 288.545162
 50.0  1.0 100.0 272.921752
 50.0  2.0  10.0 298.529012
 50.0  2.0  20.0 311.660520
 50.0  2.0  30.0 315.638324
 50.0  2.0  40.0 328.491630
 50.0  2.0  50.0 329.298517
 50.0  2.0  60.0 327.492396
 50.0  2.0  70.0 333.286148
 50.0  2.0  80.0 350.798868
 50.0  2.0  90.0 341.103707
 50.0  2.0 100.0 326.249551
 50.0  3.0  10.0 345.583269
 50.0  3.0  20.0 348.690389
 50.0  3.0  30.0 355.115351
 50.0  3.0  40.0 362.497806
 50.0  3.0  50.0 357.369577
 50.0  3.0  60.0 380.352635
 50.0  3.0  70.0 384.756587
 50.0  3.0  80.0 386.756298
 50.0  3.0  90.0 378.459477
 50.0  3.0 100.0 366.936823
 50.0  4.0  10.0 330.736876
 50.0  4.0  20.0 350.366463
 50.0  4.0  30.0 352.097749
 50.0  4.0  40.0 348.561874
 50.0  4.0  50.0 353.347545
 50.0  4.0  60.0 351.119303
 50.0  4.0  70.0 359.215945
 50.0  4.0  80.0 369.832665
 50.0  4.0  90.0 383.091760
 50.0  4.0 100.0 356.074702
 50.0  5.0  10.0 302.157878
 50.0  5.0  20.0 311.731070
 50.0  5.0  30.0 335.840688
 50.0  5.0  40.0 325.848964
 50.0  5.0  50.0 330.266649
 50.0  5.0  60.0 336.725047
 50.0  5.0  70.0 353.545769
 50.0  5.0  80.0 341.914006
 50.0  5.0  90.0 362.945742
 50.0  5.0 100.0 349.718217
 50.0  6.0  10.0 293.710976
 50.0  6.0  20.0 293.023256
 50.0  6.0  30.0 306.308553
 50.0  6.0  40.0 329.679570
 50.0  6.0  50.0 320.571863
 50.0  6.0  60.0 315.582478
 50.0  6.0  70.0 345.013605
 50.0  6.0  80.0 328.037907
 50.0  6.0  90.0 334.762615
 50.0  6.0 100.0 342.258528
 50.0  7.0  10.0 268.659326
 50.0  7.0  20.0 288.510565
 50.0  7.0  30.0 294.870536
 50.0  7.0  40.0 296.574674
 50.0  7.0  50.0 319.954470
 50.0  7.0  60.0 325.553819
 50.0  7.0  70.0 316.644307
 50.0  7.0  80.0 327.379576
 50.0  7.0  90.0 328.854348
 50.0  7.0 100.0 331.131268
 50.0  8.0  10.0 273.410019
 50.0  8.0  20.0 291.812529
 50.0  8.0  30.0 282.358882
 50.0  8.0  40.0 301.517210
 50.0  8.0  50.0 281.493605
 50.0  8.0  60.0 284.776425
 50.0  8.0  70.0 308.608304
 50.0  8.0  80.0 305.126322
 50.0  8.0  90.0 299.413862
 50.0  8.0 100.0 296.526637
 50.0  9.0  10.0 259.761960
 50.0  9.0  20.0 262.927678
 50.0  9.0  30.0 271.827029
 50.0  9.0  40.0 276.560370
 50.0  9.0  50.0 269.225302
 50.0  9.0  60.0 292.264712
 50.0  9.0  70.0 295.898148
 50.0  9.0  80.0 289.249201
 50.0  9.0  90.0 275.393804
 50.0  9.0 100.0 301.381672
 50.0 10.0  10.0 240.710150
 50.0 10.0  20.0 275.873101
 50.0 10.0  30.0 273.259694
 50.0 10.0  40.0 274.657893
 50.0 10.0  50.0 287.077631
 50.0 10.0  60.0 272.925574
 50.0 10.0  70.0 279.403019
 50.0 10.0  80.0 274.623138
 50.0 10.0  90.0 286.655362
 50.0 10.0 100.0 272.545099
100.0  1.0  10.0 253.074719
100.0  1.0  20.0 267.559838
100.0  1.0  30.0 269.522510
100.0  1.0  40.0 262.111453
100.0  1.0  50.0 285.488772
100.0  1.0  60.0 267.138038
100.0  1.0  70.0 277.304721
100.0  1.0  80.0 280.129712
100.0  1.0  90.0 295.700984
100.0  1.0 100.0 293.076965
100.0  2.0  10.0 320.596052
100.0  2.0  20.0 317.715788
100.0  2.0  30.0 320.697948
100.0  2.0  40.0 320.570478
100.0  2.0  50.0 325.405417
100.0  2.0  60.0 319.628324
100.0  2.0  70.0 326.449037
100.0  2.0  80.0 333.985997
100.0  2.0  90.0 339.312529
100.0  2.0 100.0 344.479025
100.0  3.0  10.0 341.194296
100.0  3.0  20.0 345.015634
100.0  3.0  30.0 349.290307
100.0  3.0  40.0 354.577444
100.0  3.0  50.0 378.381627
100.0  3.0  60.0 378.313326
100.0  3.0  70.0 371.676395
100.0  3.0  80.0 381.642464
100.0  3.0  90.0 368.317266
100.0  3.0 100.0 363.770208
100.0  4.0  10.0 305.117044
100.0  4.0  20.0 323.749366
100.0  4.0  30.0 341.467395
100.0  4.0  40.0 349.915896
100.0  4.0  50.0 351.685928
100.0  4.0  60.0 362.442603
100.0  4.0  70.0 351.524843
100.0  4.0  80.0 364.127839
100.0  4.0  90.0 374.373413
100.0  4.0 100.0 386.344268
100.0  5.0  10.0 298.255554
100.0  5.0  20.0 314.778881
100.0  5.0  30.0 326.833495
100.0  5.0  40.0 341.789726
100.0  5.0  50.0 344.158966
100.0  5.0  60.0 339.572344
100.0  5.0  70.0 348.351209
100.0  5.0  80.0 351.680501
100.0  5.0  90.0 360.675974
100.0  5.0 100.0 360.414653
100.0  6.0  10.0 278.425622
100.0  6.0  20.0 320.594849
100.0  6.0  30.0 307.765522
100.0  6.0  40.0 307.046222
100.0  6.0  50.0 319.866307
100.0  6.0  60.0 330.817997
100.0  6.0  70.0 341.200042
100.0  6.0  80.0 331.182288
100.0  6.0  90.0 332.871354
100.0  6.0 100.0 347.335940
100.0  7.0  10.0 267.952804
100.0  7.0  20.0 298.607290
100.0  7.0  30.0 291.849076
100.0  7.0  40.0 299.474596
100.0  7.0  50.0 316.797220
100.0  7.0  60.0 305.352451
100.0  7.0  70.0 314.407437
100.0  7.0  80.0 318.113246
100.0  7.0  90.0 313.562993
100.0  7.0 100.0 319.818120
100.0  8.0  10.0 280.322314
100.0  8.0  20.0 278.548502
100.0  8.0  30.0 294.006500
100.0  8.0  40.0 293.108965
100.0  8.0  50.0 297.045607
100.0  8.0  60.0 298.298069
100.0  8.0  70.0 295.106064
100.0  8.0  80.0 299.603494
100.0  8.0  90.0 308.874037
100.0  8.0 100.0 302.972126
100.0  9.0  10.0 263.381323
100.0  9.0  20.0 267.417750
100.0  9.0  30.0 282.255707
100.0  9.0  40.0 274.950742
100.0  9.0  50.0 281.588539
100.0  9.0  60.0 283.607273
100.0  9.0  70.0 295.224178
100.0  9.0  80.0 282.561571
100.0  9.0  90.0 278.694605
100.0  9.0 100.0 300.672486
100.0 10.0  10.0 241.123626
100.0 10.0  20.0 270.197123
100.0 10.0  30.0 272.542001
100.0 10.0  40.0 283.914250
100.0 10.0  50.0 268.315625
100.0 10.0  60.0 280.149584
100.0 10.0  70.0 271.615861
100.0 10.0  80.0 270.826757
100.0 10.0  90.0 286.851174
100.0 10.0 100.0 272.734173
150.0  1.0  10.0 257.321913
150.0  1.0  20.0 266.818191
150.0  1.0  30.0 268.783776
150.0  1.0  40.0 279.373690
150.0  1.0  50.0 265.751268
150.0  1.0  60.0 265.400469
150.0  1.0  70.0 277.566920
150.0  1.0  80.0 288.391586
150.0  1.0  90.0 289.962479
150.0  1.0 100.0 288.338048
150.0  2.0  10.0 300.626807
150.0  2.0  20.0 327.743334
150.0  2.0  30.0 320.735597
150.0  2.0  40.0 334.629595
150.0  2.0  50.0 323.486886
150.0  2.0  60.0 329.730031
150.0  2.0  70.0 323.568396
150.0  2.0  80.0 328.120712
150.0  2.0  90.0 329.460831
150.0  2.0 100.0 349.639613
150.0  3.0  10.0 321.057819
150.0  3.0  20.0 351.720442
150.0  3.0  30.0 365.914582
150.0  3.0  40.0 377.151043
150.0  3.0  50.0 365.919378
150.0  3.0  60.0 357.823859
150.0  3.0  70.0 359.165269
150.0  3.0  80.0 388.113517
150.0  3.0  90.0 389.773286
150.0  3.0 100.0 371.213301
150.0  4.0  10.0 325.489908
150.0  4.0  20.0 325.119996
150.0  4.0  30.0 336.827749
150.0  4.0  40.0 364.265161
150.0  4.0  50.0 366.024425
150.0  4.0  60.0 367.770874
150.0  4.0  70.0 365.843442
150.0  4.0  80.0 373.437280
150.0  4.0  90.0 368.674587
150.0  4.0 100.0 362.636730
150.0  5.0  10.0 316.453431
150.0  5.0  20.0 311.939599
150.0  5.0  30.0 326.956355
150.0  5.0  40.0 323.877758
150.0  5.0  50.0 341.215234
150.0  5.0  60.0 345.599634
150.0  5.0  70.0 347.352022
150.0  5.0  80.0 341.657081
150.0  5.0  90.0 350.630331
150.0  5.0 100.0 362.348588
150.0  6.0  10.0 297.384891
150.0  6.0  20.0 309.462087
150.0  6.0  30.0 330.563424
150.0  6.0  40.0 335.791574
150.0  6.0  50.0 326.570661
150.0  6.0  60.0 327.488898
150.0  6.0  70.0 317.844349
150.0  6.0  80.0 346.804351
150.0  6.0  90.0 326.473520
150.0  6.0 100.0 345.920794
150.0  7.0  10.0 278.659482
150.0  7.0  20.0 297.200002
150.0  7.0  30.0 316.376783
150.0  7.0  40.0 292.959540
150.0  7.0  50.0 324.251231
150.0  7.0  60.0 305.782646
150.0  7.0  70.0 310.818489
150.0  7.0  80.0 305.508421
150.0  7.0  90.0 325.944686
150.0  7.0 100.0 306.188073
150.0  8.0  10.0 275.810732
150.0  8.0  20.0 275.941712
150.0  8.0  30.0 296.352398
150.0  8.0  40.0 281.425021
150.0  8.0  50.0 293.340437
150.0  8.0  60.0 292.576691
150.0  8.0  70.0 291.371660
150.0  8.0  80.0 310.858375
150.0  8.0  90.0 316.119841
150.0  8.0 100.0 317.210083
150.0  9.0  10.0 259.708837
150.0  9.0  20.0 273.676770
150.0  9.0  30.0 283.482294
150.0  9.0  40.0 294.157093
150.0  9.0  50.0 283.780555
150.0  9.0  60.0 288.788360
150.0  9.0  70.0 273.396528
150.0  9.0  80.0 277.726700
150.0  9.0  90.0 301.853618
150.0  9.0 100.0 298.826218
150.0 10.0  10.0 264.339496
150.0 10.0  20.0 255.366310
150.0 10.0  30.0 273.689422
150.0 10.0  40.0 280.048127
150.0 10.0  50.0 269.439913
150.0 10.0  60.0 280.266571
150.0 10.0  70.0 272.727016
150.0 10.0  80.0 272.933094
150.0 10.0  90.0 276.953433
150.0 10.0 100.0 282.832913
200.0  1.0  10.0 250.205200
200.0  1.0  20.0 245.709443
200.0  1.0  30.0 258.677114
200.0  1.0  40.0 281.267715
200.0  1.0  50.0 282.645464
200.0  1.0  60.0 288.294602
200.0  1.0  70.0 291.460868
200.0  1.0  80.0 271.285281
200.0  1.0  90.0 287.855882
200.0  1.0 100.0 274.231135
200.0  2.0  10.0 307.645557
200.0  2.0  20.0 308.762355
200.0  2.0  30.0 323.767695
200.0  2.0  40.0 340.680660
200.0  2.0  50.0 330.555856
200.0  2.0  60.0 330.814416
200.0  2.0  70.0 349.665913
200.0  2.0  80.0 347.229504
200.0  2.0  90.0 339.579501
200.0  2.0 100.0 345.767006
200.0  3.0  10.0 324.634712
200.0  3.0  20.0 361.189576
200.0  3.0  30.0 348.329965
200.0  3.0  40.0 352.532717
200.0  3.0  50.0 352.277230
200.0  3.0  60.0 375.163630
200.0  3.0  70.0 380.490653
200.0  3.0  80.0 360.427063
200.0  3.0  90.0 380.076846
200.0  3.0 100.0 368.508273
200.0  4.0  10.0 313.453891
200.0  4.0  20.0 350.080612
200.0  4.0  30.0 362.779902
200.0  4.0  40.0 367.208540
200.0  4.0  50.0 364.959411
200.0  4.0  60.0 367.697951
200.0  4.0  70.0 360.763078
200.0  4.0  80.0 367.349893
200.0  4.0  90.0 358.580550
200.0  4.0 100.0 362.536373
200.0  5.0  10.0 308.288506
200.0  5.0  20.0 320.744554
200.0  5.0  30.0 331.731876
200.0  5.0  40.0 354.626686
200.0  5.0  50.0 337.940255
200.0  5.0  60.0 334.303128
200.0  5.0  70.0 336.036081
200.0  5.0  80.0 341.323543
200.0  5.0  90.0 350.280810
200.0  5.0 100.0 362.984499
200.0  6.0  10.0 290.044254
200.0  6.0  20.0 297.053066
200.0  6.0  30.0 330.104827
200.0  6.0  40.0 332.296231
200.0  6.0  50.0 341.046517
200.0  6.0  60.0 327.943429
200.0  6.0  70.0 317.279520
200.0  6.0  80.0 345.223672
200.0  6.0  90.0 325.879434
200.0  6.0 100.0 341.315663
200.0  7.0  10.0 291.137797
200.0  7.0  20.0 303.599055
200.0  7.0  30.0 317.731649
200.0  7.0  40.0 294.285536
200.0  7.0  50.0 309.556396
200.0  7.0  60.0 313.071790
200.0  7.0  70.0 328.094761
200.0  7.0  80.0 313.774020
200.0  7.0  90.0 328.201223
200.0  7.0 100.0 330.436721
200.0  8.0  10.0 273.137642
200.0  8.0  20.0 289.204508
200.0  8.0  30.0 305.583542
200.0  8.0  40.0 297.636224
200.0  8.0  50.0 309.537460
200.0  8.0  60.0 289.762884
200.0  8.0  70.0 314.549153
200.0  8.0  80.0 290.028708
200.0  8.0  90.0 292.284109
200.0  8.0 100.0 307.369107
200.0  9.0  10.0 262.926224
200.0  9.0  20.0 258.848656
200.0  9.0  30.0 267.632667
200.0  9.0  40.0 287.294041
200.0  9.0  50.0 288.907990
200.0  9.0  60.0 276.908544
200.0  9.0  70.0 299.510913
200.0  9.0  80.0 304.836294
200.0  9.0  90.0 302.959151
200.0  9.0 100.0 302.928246
200.0 10.0  10.0 255.481623
200.0 10.0  20.0 250.477711
200.0 10.0  30.0 274.786498
200.0 10.0  40.0 270.136285
200.0 10.0  50.0 262.521759
200.0 10.0  60.0 267.343608
200.0 10.0  70.0 266.800212
200.0 10.0  80.0 265.003118
200.0 10.0  90.0 287.020771
200.0 10.0 100.0 267.897933
250.0  1.0  10.0 232.888619
250.0  1.0  20.0 269.399087
250.0  1.0  30.0 260.368391
250.0  1.0  40.0 286.959528
250.0  1.0  50.0 277.337407
250.0  1.0  60.0 268.986488
250.0  1.0  70.0 271.152601
250.0  1.0  80.0 277.976807
250.0  1.0  90.0 282.547169
250.0  1.0 100.0 277.922165
250.0  2.0  10.0 316.658613
250.0  2.0  20.0 316.777723
250.0  2.0  30.0 323.796890
250.0  2.0  40.0 318.726654
250.0  2.0  50.0 338.616688
250.0  2.0  60.0 328.887689
250.0  2.0  70.0 350.749649
250.0  2.0  80.0 332.322160
250.0  2.0  90.0 338.679900
250.0  2.0 100.0 325.874165
250.0  3.0  10.0 335.061699
250.0  3.0  20.0 357.536040
250.0  3.0  30.0 363.636680
250.0  3.0  40.0 364.814554
250.0  3.0  50.0 370.541494
250.0  3.0  60.0 383.414559
250.0  3.0  70.0 359.730970
250.0  3.0  80.0 374.658650
250.0  3.0  90.0 370.301068
250.0  3.0 100.0 364.726162
250.0  4.0  10.0 319.195317
250.0  4.0  20.0 327.818384
250.0  4.0  30.0 352.510426
250.0  4.0  40.0 342.931728
250.0  4.0  50.0 359.675648
250.0  4.0  60.0 379.407673
250.0  4.0  70.0 379.466690
250.0  4.0  80.0 357.047754
250.0  4.0  90.0 374.272974
250.0  4.0 100.0 389.223637
250.0  5.0  10.0 309.927071
250.0  5.0  20.0 325.357560
250.0  5.0  30.0 346.320597
250.0  5.0  40.0 328.193767
250.0  5.0  50.0 333.488102
250.0  5.0  60.0 357.833829
250.0  5.0  70.0 354.551441
250.0  5.0  80.0 341.825121
250.0  5.0  90.0 345.769955
250.0  5.0 100.0 368.462377
250.0  6.0  10.0 279.542959
250.0  6.0  20.0 312.497262
250.0  6.0  30.0 307.510585
250.0  6.0  40.0 310.673928
250.0  6.0  50.0 334.403416
250.0  6.0  60.0 332.282448
250.0  6.0  70.0 324.604849
250.0  6.0  80.0 321.537313
250.0  6.0  90.0 337.183067
250.0  6.0 100.0 336.610099
250.0  7.0  10.0 280.495509
250.0  7.0  20.0 285.896453
250.0  7.0  30.0 316.995922
250.0  7.0  40.0 309.528258
250.0  7.0  50.0 306.783591
250.0  7.0  60.0 308.287052
250.0  7.0  70.0 323.300438
250.0  7.0  80.0 328.971752
250.0  7.0  90.0 331.392661
250.0  7.0 100.0 324.621833
250.0  8.0  10.0 271.380180
250.0  8.0  20.0 275.399296
250.0  8.0  30.0 290.754857
250.0  8.0  40.0 299.792760
250.0  8.0  50.0 293.683488
250.0  8.0  60.0 303.900888
250.0  8.0  70.0 316.680710
250.0  8.0  80.0 312.154959
250.0  8.0  90.0 293.405864
250.0  8.0 100.0 318.486974
250.0  9.0  10.0 273.086515
250.0  9.0  20.0 279.975382
250.0  9.0  30.0 285.743534
250.0  9.0  40.0 269.395014
250.0  9.0  50.0 298.001951
250.0  9.0  60.0 284.997159
250.0  9.0  70.0 294.595252
250.0  9.0  80.0 275.917099
250.0  9.0  90.0 290.036963
250.0  9.0 100.0 296.003473
250.0 10.0  10.0 249.585796
250.0 10.0  20.0 268.559371
250.0 10.0  30.0 278.857658
250.0 10.0  40.0 282.200910
250.0 10.0  50.0 270.581756
250.0 10.0  60.0 272.400081
250.0 10.0  70.0 279.853869
250.0 10.0  80.0 265.054450
250.0 10.0  90.0 292.070133
250.0 10.0 100.0 283.945596
300.0  1.0  10.0 257.445489
300.0  1.0  20.0 247.961084
300.0  1.0  30.0 281.931737
300.0  1.0  40.0 260.523318
300.0  1.0  50.0 283.901302
300.0  1.0  60.0 277.550333
300.0  1.0  70.0 295.716316
300.0  1.0  80.0 270.540346
300.0  1.0  90.0 296.110507
300.0  1.0 100.0 296.485286
300.0  2.0  10.0 301.668457
300.0  2.0  20.0 325.791263
300.0  2.0  30.0 338.824242
300.0  2.0  40.0 318.768922
300.0  2.0  50.0 331.671599
300.0  2.0  60.0 320.953030
300.0  2.0  70.0 321.823691
300.0  2.0  80.0 331.403582
300.0  2.0  90.0 326.767685
300.0  2.0 100.0 338.967463
300.0  3.0  10.0 336.397318
300.0  3.0  20.0 360.807962
300.0  3.0  30.0 359.877381
300.0  3.0  40.0 377.035741
300.0  3.0  50.0 368.748902
300.0  3.0  60.0 372.611510
300.0  3.0  70.0 382.919602
300.0  3.0  80.0 388.840436
300.0  3.0  90.0 362.477080
300.0  3.0 100.0 372.897207
300.0  4.0  10.0 329.796753
300.0  4.0  20.0 331.416150
300.0  4.0  30.0 348.101817
300.0  4.0  40.0 373.516777
300.0  4.0  50.0 350.254728
300.0  4.0  60.0 374.981181
300.0  4.0  70.0 380.034984
300.0  4.0  80.0 377.611150
300.0  4.0  90.0 378.831746
300.0  4.0 100.0 386.778025
300.0  5.0  10.0 319.442522
300.0  5.0  20.0 333.850690
300.0  5.0  30.0 332.792962
300.0  5.0  40.0 330.647837
300.0  5.0  50.0 335.926063
300.0  5.0  60.0 352.257545
300.0  5.0  70.0 337.962503
300.0  5.0  80.0 342.224885
300.0  5.0  90.0 370.159578
300.0  5.0 100.0 364.842849
300.0  6.0  10.0 304.941900
300.0  6.0  20.0 321.850875
300.0  6.0  30.0 309.832912
300.0  6.0  40.0 334.973421
300.0  6.0  50.0 312.686435
300.0  6.0  60.0 320.551481
300.0  6.0  70.0 327.862798
300.0  6.0  80.0 330.785969
300.0  6.0  90.0 324.423776
300.0  6.0 100.0 338.843897
300.0  7.0  10.0 296.779132
300.0  7.0  20.0 300.131661
300.0  7.0  30.0 292.204825
300.0  7.0  40.0 318.720098
300.0  7.0  50.0 309.963151
300.0  7.0  60.0 299.457177
300.0  7.0  70.0 308.462988
300.0  7.0  80.0 333.128021
300.0  7.0  90.0 310.543563
300.0  7.0 100.0 325.768131
300.0  8.0  10.0 280.571294
300.0  8.0  20.0 295.552684
300.0  8.0  30.0 278.889754
300.0  8.0  40.0 286.916020
300.0  8.0  50.0 287.798476
300.0  8.0  60.0 312.009558
300.0  8.0  70.0 303.784305
300.0  8.0  80.0 292.254376
300.0  8.0  90.0 308.501740
300.0  8.0 100.0 304.579789
300.0  9.0  10.0 267.212203
300.0  9.0  20.0 261.074744
300.0  9.0  30.0 263.830464
300.0  9.0  40.0 281.474188
300.0  9.0  50.0 297.075626
300.0  9.0  60.0 274.066642
300.0  9.0  70.0 291.661384
300.0  9.0  80.0 276.980460
300.0  9.0  90.0 282.097977
300.0  9.0 100.0 296.062460
300.0 10.0  10.0 245.667098
300.0 10.0  20.0 265.623104
300.0 10.0  30.0 279.913199
300.0 10.0  40.0 261.251350
300.0 10.0  50.0 276.628586
300.0 10.0  60.0 277.444160
300.0 10.0  70.0 282.895750
300.0 10.0  80.0 289.094516
300.0 10.0  90.0 289.108661
300.0 10.0 100.0 283.982798
350.0  1.0  10.0 243.915001
350.0  1.0  20.0 249.434966
350.0  1.0  30.0 275.406775
350.0  1.0  40.0 261.998735
350.0  1.0  50.0 272.376809
350.0  1.0  60.0 285.025797
350.0  1.0  70.0 283.191667
350.0  1.0  80.0 295.015546
350.0  1.0  90.0 288.585533
350.0  1.0 100.0 276.960124
350.0  2.0  10.0 313.676287
350.0  2.0  20.0 310.803792
350.0  2.0  30.0 321.850214
350.0  2.0  40.0 324.808246
350.0  2.0  50.0 325.721933
350.0  2.0  60.0 341.012343
350.0  2.0  70.0 350.890451
350.0  2.0  80.0 347.476638
350.0  2.0  90.0 333.846139
350.0  2.0 100.0 325.050567
350.0  3.0  10.0 333.671815
350.0  3.0  20.0 350.030121
350.0  3.0  30.0 369.074023
350.0  3.0  40.0 377.216447
350.0  3.0  50.0 374.918359
350.0  3.0  60.0 363.772431
350.0  3.0  70.0 370.073731
350.0  3.0  80.0 368.988977
350.0  3.0  90.0 367.620906
350.0  3.0 100.0 368.036978
350.0  4.0  10.0 338.302052
350.0  4.0  20.0 328.917860
350.0  4.0  30.0 350.597817
350.0  4.0  40.0 345.007168
350.0  4.0  50.0 365.739867
350.0  4.0  60.0 369.461432
350.0  4.0  70.0 374.511001
350.0  4.0  80.0 374.082554
350.0  4.0  90.0 373.299113
350.0  4.0 100.0 382.241568
350.0  5.0  10.0 300.873717
350.0  5.0  20.0 324.261997
350.0  5.0  30.0 341.186084
350.0  5.0  40.0 339.025090
350.0  5.0  50.0 358.289451
350.0  5.0  60.0 336.608760
350.0  5.0  70.0 360.302966
350.0  5.0  80.0 368.555795
350.0  5.0  90.0 361.481947
350.0  5.0 100.0 371.157536
350.0  6.0  10.0 304.273071
350.0  6.0  20.0 323.143262
350.0  6.0  30.0 311.098989
350.0  6.0  40.0 325.221098
350.0  6.0  50.0 329.918905
350.0  6.0  60.0 332.773274
350.0  6.0  70.0 347.075430
350.0  6.0  80.0 341.990928
350.0  6.0  90.0 332.622175
350.0  6.0 100.0 342.036594
350.0  7.0  10.0 297.012862
350.0  7.0  20.0 287.325116
350.0  7.0  30.0 309.376579
350.0  7.0  40.0 314.877806
350.0  7.0  50.0 319.110759
350.0  7.0  60.0 325.597029
350.0  7.0  70.0 308.596611
350.0  7.0  80.0 331.256482
350.0  7.0  90.0 331.667613
350.0  7.0 100.0 316.888393
350.0  8.0  10.0 275.727991
350.0  8.0  20.0 299.678386
350.0  8.0  30.0 292.000300
350.0  8.0  40.0 309.017031
350.0  8.0  50.0 285.892707
350.0  8.0  60.0 306.099072
350.0  8.0  70.0 312.869202
350.0  8.0  80.0 294.335849
350.0  8.0  90.0 309.580311
350.0  8.0 100.0 308.655851
350.0  9.0  10.0 272.314840
350.0  9.0  20.0 259.155877
350.0  9.0  30.0 287.901449
350.0  9.0  40.0 284.538839
350.0  9.0  50.0 298.135789
350.0  9.0  60.0 282.123382
350.0  9.0  70.0 303.715386
350.0  9.0  80.0 281.032199
350.0  9.0  90.0 300.147799
350.0  9.0 100.0 303.110627
350.0 10.0  10.0 239.733231
350.0 10.0  20.0 253.674948
350.0 10.0  30.0 280.958381
350.0 10.0  40.0 267.292384
350.0 10.0  50.0 288.666682
350.0 10.0  60.0 278.480017
350.0 10.0  70.0 287.929820
350.0 10.0  80.0 276.127109
350.0 10.0  90.0 266.140004
350.0 10.0 100.0 271.013061
400.0  1.0  10.0 237.320575
400.0  1.0  20.0 255.844358
400.0  1.0  30.0 281.817180
400.0  1.0  40.0 270.409476
400.0  1.0  50.0 282.787630
400.0  1.0  60.0 267.436580
400.0  1.0  70.0 266.602352
400.0  1.0  80.0 291.426097
400.0  1.0  90.0 280.995931
400.0  1.0 100.0 295.370357
400.0  2.0  10.0 296.682766
400.0  2.0  20.0 329.815716
400.0  2.0  30.0 330.875060
400.0  2.0  40.0 335.845150
400.0  2.0  50.0 322.768583
400.0  2.0  60.0 328.066876
400.0  2.0  70.0 323.951494
400.0  2.0  80.0 352.543170
400.0  2.0  90.0 339.917357
400.0  2.0 100.0 353.125803
400.0  3.0  10.0 334.902764
400.0  3.0  20.0 353.216882
400.0  3.0  30.0 345.239326
400.0  3.0  40.0 352.368360
400.0  3.0  50.0 359.060820
400.0  3.0  60.0 363.907720
400.0  3.0  70.0 364.203314
400.0  3.0  80.0 385.113866
400.0  3.0  90.0 388.741834
400.0  3.0 100.0 375.154500
400.0  4.0  10.0 327.737289
400.0  4.0  20.0 337.349624
400.0  4.0  30.0 350.024397
400.0  4.0  40.0 345.428704
400.0  4.0  50.0 352.156701
400.0  4.0  60.0 370.873900
400.0  4.0  70.0 365.919069
400.0  4.0  80.0 387.487139
400.0  4.0  90.0 363.700105
400.0  4.0 100.0 378.639162
400.0  5.0  10.0 312.243693
400.0  5.0  20.0 316.613996
400.0  5.0  30.0 321.521876
400.0  5.0  40.0 330.346859
400.0  5.0  50.0 335.599054
400.0  5.0  60.0 334.907742
400.0  5.0  70.0 360.592614
400.0  5.0  80.0 338.837182
400.0  5.0  90.0 350.755972
400.0  5.0 100.0 367.424959
400.0  6.0  10.0 297.555321
400.0  6.0  20.0 298.391104
400.0  6.0  30.0 321.324365
400.0  6.0  40.0 332.431050
400.0  6.0  50.0 324.116412
400.0  6.0  60.0 335.961236
400.0  6.0  70.0 344.255612
400.0  6.0  80.0 326.164600
400.0  6.0  90.0 329.790283
400.0  6.0 100.0 342.199867
400.0  7.0  10.0 279.210836
400.0  7.0  20.0 285.488722
400.0  7.0  30.0 289.521788
400.0  7.0  40.0 305.011130
400.0  7.0  50.0 303.235542
400.0  7.0  60.0 318.715253
400.0  7.0  70.0 311.709570
400.0  7.0  80.0 325.365076
400.0  7.0  90.0 329.772480
400.0  7.0 100.0 332.990059
400.0  8.0  10.0 269.860149
400.0  8.0  20.0 273.784363
400.0  8.0  30.0 304.093496
400.0  8.0  40.0 285.102188
400.0  8.0  50.0 289.972151
400.0  8.0  60.0 303.174136
400.0  8.0  70.0 286.940776
400.0  8.0  80.0 289.404536
400.0  8.0  90.0 304.646553
400.0  8.0 100.0 303.719978
400.0  9.0  10.0 266.401104
400.0  9.0  20.0 263.224065
400.0  9.0  30.0 293.961109
400.0  9.0  40.0 269.593177
400.0  9.0  50.0 296.186354
400.0  9.0  60.0 289.171070
400.0  9.0  70.0 293.760774
400.0  9.0  80.0 305.075685
400.0  9.0  90.0 292.189674
400.0  9.0 100.0 283.151111
400.0 10.0  10.0 265.788632
400.0 10.0  20.0 252.718382
400.0 10.0  30.0 266.996233
400.0 10.0  40.0 271.326760
400.0 10.0  50.0 271.698597
400.0 10.0  60.0 277.510058
400.0 10.0  70.0 265.958363
400.0 10.0  80.0 268.154414
400.0 10.0  90.0 273.166262
400.0 10.0 100.0 274.038415
450.0  1.0  10.0 245.677333
450.0  1.0  20.0 256.204514
450.0  1.0  30.0 258.178241
450.0  1.0  40.0 266.770838
450.0  1.0  50.0 290.149065
450.0  1.0  60.0 285.797983
450.0  1.0  70.0 267.963667
450.0  1.0  80.0 294.787294
450.0  1.0  90.0 300.356991
450.0  1.0 100.0 273.731270
450.0  2.0  10.0 306.688293
450.0  2.0  20.0 315.827252
450.0  2.0  30.0 314.898938
450.0  2.0  40.0 334.880009
450.0  2.0  50.0 316.812183
450.0  2.0  60.0 340.117502
450.0  2.0  70.0 333.007901
450.0  2.0  80.0 345.604443
450.0  2.0  90.0 344.982769
450.0  2.0 100.0 325.194750
450.0  3.0  10.0 328.101236
450.0  3.0  20.0 338.377276
450.0  3.0  30.0 367.381289
450.0  3.0  40.0 374.498827
450.0  3.0  50.0 364.183174
450.0  3.0  60.0 370.023919
450.0  3.0  70.0 372.314615
450.0  3.0  80.0 390.221136
450.0  3.0  90.0 381.845705
450.0  3.0 100.0 376.255446
450.0  4.0  10.0 329.119225
450.0  4.0  20.0 333.728215
450.0  4.0  30.0 346.398229
450.0  4.0  40.0 357.797944
450.0  4.0  50.0 355.521676
450.0  4.0  60.0 382.234922
450.0  4.0  70.0 370.276412
450.0  4.0  80.0 384.841038
450.0  4.0  90.0 376.050763
450.0  4.0 100.0 377.986754
450.0  5.0  10.0 314.567224
450.0  5.0  20.0 337.921093
450.0  5.0  30.0 329.814339
450.0  5.0  40.0 338.626754
450.0  5.0  50.0 336.868112
450.0  5.0  60.0 349.167388
450.0  5.0  70.0 348.844023
450.0  5.0  80.0 353.081326
450.0  5.0  90.0 366.993659
450.0  5.0 100.0 345.656866
450.0  6.0  10.0 284.800669
450.0  6.0  20.0 304.606679
450.0  6.0  30.0 304.520139
450.0  6.0  40.0 328.611959
450.0  6.0  50.0 333.287300
450.0  6.0  60.0 316.123847
450.0  6.0  70.0 337.411482
450.0  6.0  80.0 327.314830
450.0  6.0  90.0 335.935696
450.0  6.0 100.0 350.341097
450.0  7.0  10.0 275.382005
450.0  7.0  20.0 298.629995
450.0  7.0  30.0 312.647146
450.0  7.0  40.0 303.126220
450.0  7.0  50.0 298.343256
450.0  7.0  60.0 327.817305
450.0  7.0  70.0 330.807077
450.0  7.0  80.0 331.458816
450.0  7.0  90.0 321.863001
450.0  7.0 100.0 312.077818
450.0  8.0  10.0 264.973991
450.0  8.0  20.0 284.875623
450.0  8.0  30.0 292.173748
450.0  8.0  40.0 287.175520
450.0  8.0  50.0 287.040562
450.0  8.0  60.0 289.238776
450.0  8.0  70.0 288.002411
450.0  8.0  80.0 301.463687
450.0  8.0  90.0 316.703596
450.0  8.0 100.0 294.775199
450.0  9.0  10.0 248.475187
450.0  9.0  20.0 266.282624
450.0  9.0  30.0 291.012345
450.0  9.0  40.0 280.639842
450.0  9.0  50.0 272.229780
450.0  9.0  60.0 275.212026
450.0  9.0  70.0 282.799753
450.0  9.0  80.0 284.113032
450.0  9.0  90.0 285.225637
450.0  9.0 100.0 290.185879
450.0 10.0  10.0 238.836074
450.0 10.0  20.0 261.755577
450.0 10.0  30.0 253.028650
450.0 10.0  40.0 272.356200
450.0 10.0  50.0 279.725930
450.0 10.0  60.0 270.535785
450.0 10.0  70.0 286.982807
450.0 10.0  80.0 284.177799
450.0 10.0  90.0 281.188749
450.0 10.0 100.0 290.060128
500.0  1.0  10.0 239.995605
500.0  1.0  20.0 252.525850
500.0  1.0  30.0 266.500399
500.0  1.0  40.0 260.093269
500.0  1.0  50.0 263.471564
500.0  1.0  60.0 288.120454
500.0  1.0  70.0 297.286059
500.0  1.0  80.0 270.109580
500.0  1.0  90.0 300.679154
500.0  1.0 100.0 298.053300
500.0  2.0  10.0 304.693125
500.0  2.0  20.0 313.838519
500.0  2.0  30.0 313.921962
500.0  2.0  40.0 328.913106
500.0  2.0  50.0 336.853204
500.0  2.0  60.0 320.164859
500.0  2.0  70.0 344.060459
500.0  2.0  80.0 328.661369
500.0  2.0  90.0 328.043403
500.0  2.0 100.0 333.258538
500.0  3.0  10.0 330.274634
500.0  3.0  20.0 346.517331
500.0  3.0  30.0 349.505249
500.0  3.0  40.0 357.612753
500.0  3.0  50.0 355.290019
500.0  3.0  60.0 373.125391
500.0  3.0  70.0 380.411812
500.0  3.0  80.0 368.314816
500.0  3.0  90.0 384.936417
500.0  3.0 100.0 372.343607
500.0  4.0  10.0 324.459269
500.0  4.0  20.0 338.065040
500.0  4.0  30.0 355.730649
500.0  4.0  40.0 350.126143
500.0  4.0  50.0 375.845966
500.0  4.0  60.0 357.555595
500.0  4.0  70.0 368.593722
500.0  4.0  80.0 384.155203
500.0  4.0  90.0 367.361972
500.0  4.0 100.0 372.295169
500.0  5.0  10.0 296.854341
500.0  5.0  20.0 340.193053
500.0  5.0  30.0 347.072950
500.0  5.0  40.0 350.873976
500.0  5.0  50.0 344.105567
500.0  5.0  60.0 347.396399
500.0  5.0  70.0 347.065670
500.0  5.0  80.0 346.296497
500.0  5.0  90.0 360.203089
500.0  5.0 100.0 347.861165
500.0  6.0  10.0 283.017234
500.0  6.0  20.0 308.796487
500.0  6.0  30.0 314.692339
500.0  6.0  40.0 326.771486
500.0  6.0  50.0 339.437541
500.0  6.0  60.0 325.266795
500.0  6.0  70.0 319.548496
500.0  6.0  80.0 347.446884
500.0  6.0  90.0 352.063513
500.0  6.0 100.0 350.465234
500.0  7.0  10.0 295.532382
500.0  7.0  20.0 311.753972
500.0  7.0  30.0 316.757134
500.0  7.0  40.0 305.227195
500.0  7.0  50.0 314.437758
500.0  7.0  60.0 325.906839
500.0  7.0  70.0 325.892623
500.0  7.0  80.0 314.541057
500.0  7.0  90.0 316.942420
500.0  7.0 100.0 326.154813
500.0  8.0  10.0 283.073678
500.0  8.0  20.0 282.955514
500.0  8.0  30.0 301.244003
500.0  8.0  40.0 306.239716
500.0  8.0  50.0 289.100451
500.0  8.0  60.0 302.295364
500.0  8.0  70.0 298.056370
500.0  8.0  80.0 297.515469
500.0  8.0  90.0 312.753534
500.0  8.0 100.0 305.823543
500.0  9.0  10.0 273.539886
500.0  9.0  20.0 276.333763
500.0  9.0  30.0 279.057089
500.0  9.0  40.0 274.680596
500.0  9.0  50.0 285.267704
500.0  9.0  60.0 288.247793
500.0  9.0  70.0 286.833795
500.0  9.0  80.0 291.145647
500.0  9.0  90.0 295.257044
500.0  9.0 100.0 287.216242
500.0 10.0  10.0 252.877403
500.0 10.0  20.0 272.787980
500.0 10.0  30.0 263.056890
500.0 10.0  40.0 272.381848
500.0 10.0  50.0 273.749742
500.0 10.0  60.0 278.558198
500.0 10.0  70.0 262.004102
500.0 10.0  80.0 278.198171
500.0 10.0  90.0 284.208340
500.0 10.0 100.0 285.079044